(kicad_pcb (version 20171130) (host pcbnew "(5.1.2)-1")

  (general
    (thickness 1.6)
    (drawings 21)
    (tracks 39)
    (zones 0)
    (modules 12)
    (nets 7)
  )

  (page A4)
  (layers
    (0 F.Cu signal)
    (31 B.Cu signal)
    (32 B.Adhes user)
    (33 F.Adhes user)
    (34 B.Paste user)
    (35 F.Paste user)
    (36 B.SilkS user)
    (37 F.SilkS user)
    (38 B.Mask user)
    (39 F.Mask user)
    (40 Dwgs.User user)
    (41 Cmts.User user)
    (42 Eco1.User user)
    (43 Eco2.User user)
    (44 Edge.Cuts user)
    (45 Margin user)
    (46 B.CrtYd user)
    (47 F.CrtYd user)
    (48 B.Fab user)
    (49 F.Fab user)
  )

  (setup
    (last_trace_width 0.5)
    (trace_clearance 0.45)
    (zone_clearance 0.508)
    (zone_45_only no)
    (trace_min 0.2)
    (via_size 0.8)
    (via_drill 0.4)
    (via_min_size 0.4)
    (via_min_drill 0.3)
    (uvia_size 0.3)
    (uvia_drill 0.1)
    (uvias_allowed no)
    (uvia_min_size 0.2)
    (uvia_min_drill 0.1)
    (edge_width 0.05)
    (segment_width 0.2)
    (pcb_text_width 0.3)
    (pcb_text_size 1.5 1.5)
    (mod_edge_width 0.12)
    (mod_text_size 1 1)
    (mod_text_width 0.15)
    (pad_size 1.524 1.524)
    (pad_drill 0.762)
    (pad_to_mask_clearance 0.051)
    (solder_mask_min_width 0.25)
    (aux_axis_origin 0 0)
    (visible_elements 7FFFFFFF)
    (pcbplotparams
      (layerselection 0x010fc_ffffffff)
      (usegerberextensions true)
      (usegerberattributes false)
      (usegerberadvancedattributes false)
      (creategerberjobfile false)
      (excludeedgelayer true)
      (linewidth 0.100000)
      (plotframeref false)
      (viasonmask false)
      (mode 1)
      (useauxorigin false)
      (hpglpennumber 1)
      (hpglpenspeed 20)
      (hpglpendiameter 15.000000)
      (psnegative false)
      (psa4output false)
      (plotreference true)
      (plotvalue true)
      (plotinvisibletext false)
      (padsonsilk false)
      (subtractmaskfromsilk false)
      (outputformat 1)
      (mirror false)
      (drillshape 0)
      (scaleselection 1)
      (outputdirectory "gerbers/"))
  )

  (net 0 "")
  (net 1 GNDA)
  (net 2 /pwm)
  (net 3 "Net-(Q1-Pad1)")
  (net 4 +12V)
  (net 5 "Net-(J5-Pad1)")
  (net 6 "Net-(J6-Pad1)")

  (net_class Default "This is the default net class."
    (clearance 0.45)
    (trace_width 0.5)
    (via_dia 0.8)
    (via_drill 0.4)
    (uvia_dia 0.3)
    (uvia_drill 0.1)
    (add_net /pwm)
    (add_net "Net-(J5-Pad1)")
    (add_net "Net-(J6-Pad1)")
    (add_net "Net-(Q1-Pad1)")
  )

  (net_class +12V ""
    (clearance 0.8)
    (trace_width 1)
    (via_dia 0.8)
    (via_drill 0.4)
    (uvia_dia 0.3)
    (uvia_drill 0.1)
    (add_net +12V)
  )

  (net_class GNDA ""
    (clearance 0.6)
    (trace_width 1)
    (via_dia 0.8)
    (via_drill 0.4)
    (uvia_dia 0.3)
    (uvia_drill 0.1)
    (add_net GNDA)
  )

  (module rename:damp_logo (layer F.Cu) (tedit 0) (tstamp 5E0BAD78)
    (at 217.8 40.1)
    (path /5E0B617A)
    (fp_text reference G1 (at 0 0) (layer F.SilkS) hide
      (effects (font (size 1.524 1.524) (thickness 0.3)))
    )
    (fp_text value LOGO (at 0.75 0) (layer F.SilkS) hide
      (effects (font (size 1.524 1.524) (thickness 0.3)))
    )
    (fp_poly (pts (xy -5.539758 -2.524174) (xy -5.208043 -2.20522) (xy -4.924741 -1.922669) (xy -4.709282 -1.696731)
      (xy -4.581097 -1.54762) (xy -4.553857 -1.4986) (xy -4.560217 -1.375108) (xy -4.565603 -1.08601)
      (xy -4.569587 -0.6689) (xy -4.571741 -0.161371) (xy -4.572 0.094896) (xy -4.572 1.612193)
      (xy -5.461 2.461344) (xy -5.779342 2.764958) (xy -6.057405 3.029296) (xy -6.272031 3.232408)
      (xy -6.400061 3.352343) (xy -6.422852 3.372988) (xy -6.532557 3.374271) (xy -6.694353 3.289766)
      (xy -6.694995 3.289296) (xy -6.894285 3.14311) (xy -6.894285 1.945472) (xy -6.168571 1.945472)
      (xy -5.78875 1.5748) (xy -4.717143 1.5748) (xy -4.680857 1.6256) (xy -4.644571 1.5748)
      (xy -4.680857 1.524) (xy -4.717143 1.5748) (xy -5.78875 1.5748) (xy -5.715 1.502827)
      (xy -5.261428 1.060182) (xy -5.240754 0.084084) (xy -5.22008 -0.892015) (xy -5.490503 -1.1684)
      (xy -5.007428 -1.1684) (xy -4.971143 -1.1176) (xy -4.934857 -1.1684) (xy -4.971143 -1.2192)
      (xy -5.007428 -1.1684) (xy -5.490503 -1.1684) (xy -5.653518 -1.335008) (xy -5.901301 -1.609026)
      (xy -6.045195 -1.828145) (xy -6.109762 -2.032069) (xy -6.11615 -2.0828) (xy -6.125135 -2.077531)
      (xy -6.134057 -1.893232) (xy -6.142385 -1.554074) (xy -6.149591 -1.084226) (xy -6.155144 -0.507857)
      (xy -6.156957 -0.221064) (xy -6.168571 1.945472) (xy -6.894285 1.945472) (xy -6.894285 -3.01258)
      (xy -6.719044 -3.243063) (xy -6.543802 -3.473546) (xy -5.539758 -2.524174)) (layer F.SilkS) (width 0.01))
    (fp_poly (pts (xy 1.653234 0.0254) (xy 1.643215 0.546602) (xy 1.630418 0.897892) (xy 1.610418 1.112545)
      (xy 1.57879 1.223835) (xy 1.531109 1.265037) (xy 1.487714 1.27) (xy 1.414279 1.249894)
      (xy 1.366889 1.162607) (xy 1.336516 0.967681) (xy 1.314127 0.624659) (xy 1.306286 0.4572)
      (xy 1.27 -0.3556) (xy 1.052286 0.07403) (xy 0.91399 0.318745) (xy 0.798067 0.475368)
      (xy 0.753501 0.50583) (xy 0.669617 0.42939) (xy 0.544035 0.231569) (xy 0.463215 0.0762)
      (xy 0.254 -0.3556) (xy 0.217714 0.456219) (xy 0.191747 0.885699) (xy 0.156752 1.14643)
      (xy 0.106652 1.272819) (xy 0.069033 1.297931) (xy -0.060021 1.285019) (xy -0.094253 1.256578)
      (xy -0.114147 1.132502) (xy -0.130398 0.847963) (xy -0.141297 0.445685) (xy -0.145143 -0.016934)
      (xy -0.145143 -1.2192) (xy 0.054429 -1.216581) (xy 0.19182 -1.175576) (xy 0.322892 -1.031448)
      (xy 0.480331 -0.746563) (xy 0.503081 -0.70003) (xy 0.752162 -0.1861) (xy 0.885721 -0.42325)
      (xy 1.026276 -0.693302) (xy 1.142144 -0.9398) (xy 1.296275 -1.163578) (xy 1.469309 -1.2192)
      (xy 1.67361 -1.219201) (xy 1.653234 0.0254)) (layer F.SilkS) (width 0.01))
    (fp_poly (pts (xy 5.333823 -0.414202) (xy 5.356814 -0.163898) (xy 5.369143 0.196278) (xy 5.370286 0.3556)
      (xy 5.36226 0.776169) (xy 5.340185 1.073998) (xy 5.307068 1.213321) (xy 5.297714 1.2192)
      (xy 5.227543 1.141531) (xy 5.225143 1.11499) (xy 5.170254 1.083348) (xy 5.030931 1.151781)
      (xy 5.011033 1.16579) (xy 4.796619 1.291406) (xy 4.624019 1.292618) (xy 4.420465 1.169752)
      (xy 4.418733 1.168436) (xy 4.250636 0.966369) (xy 4.142407 0.730924) (xy 4.097798 0.382822)
      (xy 4.292081 0.382822) (xy 4.295052 0.470297) (xy 4.340967 0.771603) (xy 4.452016 0.94846)
      (xy 4.499429 0.98604) (xy 4.750302 1.061678) (xy 4.986582 0.956469) (xy 5.057082 0.878095)
      (xy 5.172982 0.601224) (xy 5.179617 0.285613) (xy 5.09362 -0.009826) (xy 4.931623 -0.226178)
      (xy 4.723123 -0.3048) (xy 4.490373 -0.22031) (xy 4.342226 0.016986) (xy 4.292081 0.382822)
      (xy 4.097798 0.382822) (xy 4.092277 0.33974) (xy 4.160372 -0.012298) (xy 4.319896 -0.291177)
      (xy 4.544056 -0.462884) (xy 4.806056 -0.493404) (xy 5.026874 -0.391831) (xy 5.155215 -0.326474)
      (xy 5.209579 -0.391831) (xy 5.28139 -0.502059) (xy 5.303762 -0.508) (xy 5.333823 -0.414202)) (layer F.SilkS) (width 0.01))
    (fp_poly (pts (xy 5.776282 -1.128349) (xy 5.802276 -0.898298) (xy 5.805714 -0.758426) (xy 5.811254 -0.481158)
      (xy 5.838558 -0.366329) (xy 5.903653 -0.373339) (xy 5.946086 -0.402826) (xy 6.227359 -0.516043)
      (xy 6.49449 -0.457542) (xy 6.715119 -0.253979) (xy 6.856889 0.067991) (xy 6.891978 0.376381)
      (xy 6.847025 0.779919) (xy 6.703788 1.063165) (xy 6.554343 1.202604) (xy 6.361834 1.306001)
      (xy 6.182189 1.282964) (xy 6.005286 1.173799) (xy 5.868556 1.100057) (xy 5.806106 1.117913)
      (xy 5.805714 1.123625) (xy 5.750361 1.216464) (xy 5.733143 1.2192) (xy 5.701287 1.121587)
      (xy 5.677718 0.84424) (xy 5.665303 0.456714) (xy 5.828621 0.456714) (xy 5.905361 0.749636)
      (xy 6.075324 0.969459) (xy 6.088123 0.978733) (xy 6.306633 1.042078) (xy 6.521157 0.966977)
      (xy 6.679087 0.780727) (xy 6.721162 0.650247) (xy 6.734075 0.259732) (xy 6.637751 -0.049802)
      (xy 6.455013 -0.242743) (xy 6.208684 -0.283479) (xy 6.135169 -0.264092) (xy 5.945784 -0.109805)
      (xy 5.842849 0.150349) (xy 5.828621 0.456714) (xy 5.665303 0.456714) (xy 5.663819 0.410393)
      (xy 5.660572 0) (xy 5.666382 -0.535181) (xy 5.682891 -0.931143) (xy 5.708715 -1.164652)
      (xy 5.733143 -1.2192) (xy 5.776282 -1.128349)) (layer F.SilkS) (width 0.01))
    (fp_poly (pts (xy -2.746139 -1.181496) (xy -2.471602 -1.069822) (xy -2.231387 -0.79201) (xy -2.085363 -0.408057)
      (xy -2.037646 0.02884) (xy -2.092356 0.465482) (xy -2.253609 0.848673) (xy -2.316296 0.936504)
      (xy -2.448251 1.083781) (xy -2.580385 1.168823) (xy -2.758301 1.20834) (xy -3.027602 1.219043)
      (xy -3.087734 1.2192) (xy -3.633177 1.2192) (xy -3.612731 0.0254) (xy -3.600116 -0.7112)
      (xy -3.265714 -0.7112) (xy -3.265714 -0.016934) (xy -3.258256 0.343251) (xy -3.238705 0.620207)
      (xy -3.211293 0.753989) (xy -3.211286 0.753999) (xy -3.093674 0.799026) (xy -2.904203 0.769803)
      (xy -2.700514 0.683833) (xy -2.54025 0.558624) (xy -2.530999 0.547396) (xy -2.423061 0.288011)
      (xy -2.401545 -0.053082) (xy -2.468323 -0.392428) (xy -2.507829 -0.485394) (xy -2.623527 -0.638332)
      (xy -2.79929 -0.703232) (xy -2.943258 -0.7112) (xy -3.265714 -0.7112) (xy -3.600116 -0.7112)
      (xy -3.592286 -1.1684) (xy -3.141659 -1.198542) (xy -2.746139 -1.181496)) (layer F.SilkS) (width 0.01))
    (fp_poly (pts (xy -1.125828 -1.200867) (xy -1.034456 -1.161092) (xy -0.949073 -1.054961) (xy -0.853751 -0.84984)
      (xy -0.732561 -0.513094) (xy -0.615016 -0.154221) (xy -0.445262 0.37606) (xy -0.330257 0.748584)
      (xy -0.265663 0.991192) (xy -0.247143 1.131728) (xy -0.270357 1.198035) (xy -0.33097 1.217954)
      (xy -0.401046 1.2192) (xy -0.571313 1.154932) (xy -0.632115 1.016) (xy -0.671892 0.903523)
      (xy -0.76139 0.84185) (xy -0.935812 0.816565) (xy -1.128431 0.8128) (xy -1.384899 0.821511)
      (xy -1.532308 0.857259) (xy -1.606461 0.934468) (xy -1.632857 1.016) (xy -1.730105 1.179487)
      (xy -1.888044 1.2192) (xy -2.097165 1.2192) (xy -1.987577 0.852005) (xy -1.906909 0.591643)
      (xy -1.815297 0.3048) (xy -1.454378 0.3048) (xy -1.162618 0.3048) (xy -0.981089 0.288005)
      (xy -0.880946 0.246019) (xy -0.873899 0.2286) (xy -0.90725 0.097071) (xy -0.986134 -0.13355)
      (xy -1.010215 -0.197976) (xy -1.143489 -0.548352) (xy -1.298933 -0.121776) (xy -1.454378 0.3048)
      (xy -1.815297 0.3048) (xy -1.786311 0.214045) (xy -1.64723 -0.213884) (xy -1.594494 -0.374262)
      (xy -1.457277 -0.778726) (xy -1.357962 -1.029647) (xy -1.277601 -1.160447) (xy -1.197244 -1.204544)
      (xy -1.125828 -1.200867)) (layer F.SilkS) (width 0.01))
    (fp_poly (pts (xy 2.725765 -1.211606) (xy 2.914285 -1.179167) (xy 3.042153 -1.107399) (xy 3.15152 -0.981816)
      (xy 3.160156 -0.969819) (xy 3.308931 -0.640238) (xy 3.338286 -0.3556) (xy 3.279602 0.049478)
      (xy 3.107824 0.331572) (xy 2.829358 0.483023) (xy 2.61587 0.508) (xy 2.249715 0.508)
      (xy 2.249715 0.8636) (xy 2.236159 1.104077) (xy 2.175161 1.202524) (xy 2.068286 1.2192)
      (xy 1.886857 1.2192) (xy 1.886857 -0.310367) (xy 2.249715 -0.310367) (xy 2.256557 -0.047901)
      (xy 2.303616 0.069626) (xy 2.430685 0.100474) (xy 2.531114 0.1016) (xy 2.739021 0.065298)
      (xy 2.885052 -0.025076) (xy 2.899542 -0.045208) (xy 2.959894 -0.258897) (xy 2.962857 -0.426208)
      (xy 2.927907 -0.572122) (xy 2.834954 -0.649347) (xy 2.644182 -0.686537) (xy 2.594429 -0.691367)
      (xy 2.249715 -0.722334) (xy 2.249715 -0.310367) (xy 1.886857 -0.310367) (xy 1.886857 -1.2192)
      (xy 2.434442 -1.2192) (xy 2.725765 -1.211606)) (layer F.SilkS) (width 0.01))
    (fp_poly (pts (xy 3.80557 -1.121588) (xy 3.82914 -0.844241) (xy 3.843039 -0.410394) (xy 3.846286 0)
      (xy 3.840476 0.53518) (xy 3.823967 0.931142) (xy 3.798143 1.164651) (xy 3.773715 1.2192)
      (xy 3.741859 1.121587) (xy 3.718289 0.84424) (xy 3.70439 0.410393) (xy 3.701143 0)
      (xy 3.706953 -0.535181) (xy 3.723462 -0.931143) (xy 3.749286 -1.164652) (xy 3.773715 -1.2192)
      (xy 3.80557 -1.121588)) (layer F.SilkS) (width 0.01))
  )

  (module Package_TO_SOT_THT:TO-220-3_Vertical (layer F.Cu) (tedit 5AC8BA0D) (tstamp 5E0BB2A3)
    (at 191 53.4)
    (descr "TO-220-3, Vertical, RM 2.54mm, see https://www.vishay.com/docs/66542/to-220-1.pdf")
    (tags "TO-220-3 Vertical RM 2.54mm")
    (path /5DC49688)
    (fp_text reference Q1 (at -2.9 3.6) (layer F.SilkS)
      (effects (font (size 1 1) (thickness 0.15)))
    )
    (fp_text value FQP30N06L (at 2.54 2.5) (layer F.Fab)
      (effects (font (size 1 1) (thickness 0.15)))
    )
    (fp_line (start -2.46 -3.15) (end -2.46 1.25) (layer F.Fab) (width 0.1))
    (fp_line (start -2.46 1.25) (end 7.54 1.25) (layer F.Fab) (width 0.1))
    (fp_line (start 7.54 1.25) (end 7.54 -3.15) (layer F.Fab) (width 0.1))
    (fp_line (start 7.54 -3.15) (end -2.46 -3.15) (layer F.Fab) (width 0.1))
    (fp_line (start -2.46 -1.88) (end 7.54 -1.88) (layer F.Fab) (width 0.1))
    (fp_line (start 0.69 -3.15) (end 0.69 -1.88) (layer F.Fab) (width 0.1))
    (fp_line (start 4.39 -3.15) (end 4.39 -1.88) (layer F.Fab) (width 0.1))
    (fp_line (start -2.58 -3.27) (end 7.66 -3.27) (layer F.SilkS) (width 0.12))
    (fp_line (start -2.58 1.371) (end 7.66 1.371) (layer F.SilkS) (width 0.12))
    (fp_line (start -2.58 -3.27) (end -2.58 1.371) (layer F.SilkS) (width 0.12))
    (fp_line (start 7.66 -3.27) (end 7.66 1.371) (layer F.SilkS) (width 0.12))
    (fp_line (start -2.58 -1.76) (end 7.66 -1.76) (layer F.SilkS) (width 0.12))
    (fp_line (start 0.69 -3.27) (end 0.69 -1.76) (layer F.SilkS) (width 0.12))
    (fp_line (start 4.391 -3.27) (end 4.391 -1.76) (layer F.SilkS) (width 0.12))
    (fp_line (start -2.71 -3.4) (end -2.71 1.51) (layer F.CrtYd) (width 0.05))
    (fp_line (start -2.71 1.51) (end 7.79 1.51) (layer F.CrtYd) (width 0.05))
    (fp_line (start 7.79 1.51) (end 7.79 -3.4) (layer F.CrtYd) (width 0.05))
    (fp_line (start 7.79 -3.4) (end -2.71 -3.4) (layer F.CrtYd) (width 0.05))
    (fp_text user %R (at -2.9 3.5) (layer F.Fab)
      (effects (font (size 1 1) (thickness 0.15)))
    )
    (pad 1 thru_hole rect (at 0 0) (size 1.905 2) (drill 1.1) (layers *.Cu *.Mask)
      (net 3 "Net-(Q1-Pad1)"))
    (pad 2 thru_hole oval (at 2.54 0) (size 1.905 2) (drill 1.1) (layers *.Cu *.Mask)
      (net 5 "Net-(J5-Pad1)"))
    (pad 3 thru_hole oval (at 5.08 0) (size 1.905 2) (drill 1.1) (layers *.Cu *.Mask)
      (net 1 GNDA))
    (model ${KISYS3DMOD}/Package_TO_SOT_THT.3dshapes/TO-220-3_Vertical.wrl
      (at (xyz 0 0 0))
      (scale (xyz 1 1 1))
      (rotate (xyz 0 0 0))
    )
  )

  (module Resistor_THT:R_Axial_DIN0207_L6.3mm_D2.5mm_P10.16mm_Horizontal (layer F.Cu) (tedit 5AE5139B) (tstamp 5E0BB2BA)
    (at 175.7 53.6)
    (descr "Resistor, Axial_DIN0207 series, Axial, Horizontal, pin pitch=10.16mm, 0.25W = 1/4W, length*diameter=6.3*2.5mm^2, http://cdn-reichelt.de/documents/datenblatt/B400/1_4W%23YAG.pdf")
    (tags "Resistor Axial_DIN0207 series Axial Horizontal pin pitch 10.16mm 0.25W = 1/4W length 6.3mm diameter 2.5mm")
    (path /5DCA1249)
    (fp_text reference R1 (at 5.08 -2.37) (layer F.SilkS)
      (effects (font (size 1 1) (thickness 0.15)))
    )
    (fp_text value 1k (at 5.08 2.37) (layer F.Fab)
      (effects (font (size 1 1) (thickness 0.15)))
    )
    (fp_text user %R (at 5.08 0) (layer F.Fab)
      (effects (font (size 1 1) (thickness 0.15)))
    )
    (fp_line (start 11.21 -1.5) (end -1.05 -1.5) (layer F.CrtYd) (width 0.05))
    (fp_line (start 11.21 1.5) (end 11.21 -1.5) (layer F.CrtYd) (width 0.05))
    (fp_line (start -1.05 1.5) (end 11.21 1.5) (layer F.CrtYd) (width 0.05))
    (fp_line (start -1.05 -1.5) (end -1.05 1.5) (layer F.CrtYd) (width 0.05))
    (fp_line (start 9.12 0) (end 8.35 0) (layer F.SilkS) (width 0.12))
    (fp_line (start 1.04 0) (end 1.81 0) (layer F.SilkS) (width 0.12))
    (fp_line (start 8.35 -1.37) (end 1.81 -1.37) (layer F.SilkS) (width 0.12))
    (fp_line (start 8.35 1.37) (end 8.35 -1.37) (layer F.SilkS) (width 0.12))
    (fp_line (start 1.81 1.37) (end 8.35 1.37) (layer F.SilkS) (width 0.12))
    (fp_line (start 1.81 -1.37) (end 1.81 1.37) (layer F.SilkS) (width 0.12))
    (fp_line (start 10.16 0) (end 8.23 0) (layer F.Fab) (width 0.1))
    (fp_line (start 0 0) (end 1.93 0) (layer F.Fab) (width 0.1))
    (fp_line (start 8.23 -1.25) (end 1.93 -1.25) (layer F.Fab) (width 0.1))
    (fp_line (start 8.23 1.25) (end 8.23 -1.25) (layer F.Fab) (width 0.1))
    (fp_line (start 1.93 1.25) (end 8.23 1.25) (layer F.Fab) (width 0.1))
    (fp_line (start 1.93 -1.25) (end 1.93 1.25) (layer F.Fab) (width 0.1))
    (pad 2 thru_hole oval (at 10.16 0) (size 1.6 1.6) (drill 0.8) (layers *.Cu *.Mask)
      (net 3 "Net-(Q1-Pad1)"))
    (pad 1 thru_hole circle (at 0 0) (size 1.6 1.6) (drill 0.8) (layers *.Cu *.Mask)
      (net 2 /pwm))
    (model ${KISYS3DMOD}/Resistor_THT.3dshapes/R_Axial_DIN0207_L6.3mm_D2.5mm_P10.16mm_Horizontal.wrl
      (at (xyz 0 0 0))
      (scale (xyz 1 1 1))
      (rotate (xyz 0 0 0))
    )
  )

  (module Resistor_THT:R_Axial_DIN0207_L6.3mm_D2.5mm_P10.16mm_Horizontal (layer F.Cu) (tedit 5AE5139B) (tstamp 5E0BB8F8)
    (at 217.3 74.7 180)
    (descr "Resistor, Axial_DIN0207 series, Axial, Horizontal, pin pitch=10.16mm, 0.25W = 1/4W, length*diameter=6.3*2.5mm^2, http://cdn-reichelt.de/documents/datenblatt/B400/1_4W%23YAG.pdf")
    (tags "Resistor Axial_DIN0207 series Axial Horizontal pin pitch 10.16mm 0.25W = 1/4W length 6.3mm diameter 2.5mm")
    (path /5E0BA242)
    (fp_text reference R4 (at 5.08 -2.37) (layer F.SilkS)
      (effects (font (size 1 1) (thickness 0.15)))
    )
    (fp_text value 100 (at 5.08 2.37) (layer F.Fab)
      (effects (font (size 1 1) (thickness 0.15)))
    )
    (fp_text user %R (at 5.08 0) (layer F.Fab)
      (effects (font (size 1 1) (thickness 0.15)))
    )
    (fp_line (start 11.21 -1.5) (end -1.05 -1.5) (layer F.CrtYd) (width 0.05))
    (fp_line (start 11.21 1.5) (end 11.21 -1.5) (layer F.CrtYd) (width 0.05))
    (fp_line (start -1.05 1.5) (end 11.21 1.5) (layer F.CrtYd) (width 0.05))
    (fp_line (start -1.05 -1.5) (end -1.05 1.5) (layer F.CrtYd) (width 0.05))
    (fp_line (start 9.12 0) (end 8.35 0) (layer F.SilkS) (width 0.12))
    (fp_line (start 1.04 0) (end 1.81 0) (layer F.SilkS) (width 0.12))
    (fp_line (start 8.35 -1.37) (end 1.81 -1.37) (layer F.SilkS) (width 0.12))
    (fp_line (start 8.35 1.37) (end 8.35 -1.37) (layer F.SilkS) (width 0.12))
    (fp_line (start 1.81 1.37) (end 8.35 1.37) (layer F.SilkS) (width 0.12))
    (fp_line (start 1.81 -1.37) (end 1.81 1.37) (layer F.SilkS) (width 0.12))
    (fp_line (start 10.16 0) (end 8.23 0) (layer F.Fab) (width 0.1))
    (fp_line (start 0 0) (end 1.93 0) (layer F.Fab) (width 0.1))
    (fp_line (start 8.23 -1.25) (end 1.93 -1.25) (layer F.Fab) (width 0.1))
    (fp_line (start 8.23 1.25) (end 8.23 -1.25) (layer F.Fab) (width 0.1))
    (fp_line (start 1.93 1.25) (end 8.23 1.25) (layer F.Fab) (width 0.1))
    (fp_line (start 1.93 -1.25) (end 1.93 1.25) (layer F.Fab) (width 0.1))
    (pad 2 thru_hole oval (at 10.16 0 180) (size 1.6 1.6) (drill 0.8) (layers *.Cu *.Mask)
      (net 4 +12V))
    (pad 1 thru_hole circle (at 0 0 180) (size 1.6 1.6) (drill 0.8) (layers *.Cu *.Mask)
      (net 6 "Net-(J6-Pad1)"))
    (model ${KISYS3DMOD}/Resistor_THT.3dshapes/R_Axial_DIN0207_L6.3mm_D2.5mm_P10.16mm_Horizontal.wrl
      (at (xyz 0 0 0))
      (scale (xyz 1 1 1))
      (rotate (xyz 0 0 0))
    )
  )

  (module Resistor_THT:R_Axial_Power_L20.0mm_W6.4mm_P22.40mm (layer F.Cu) (tedit 5AE5139B) (tstamp 5E0BBF73)
    (at 224.1 68 180)
    (descr "Resistor, Axial_Power series, Box, pin pitch=22.4mm, 4W, length*width*height=20*6.4*6.4mm^3, http://cdn-reichelt.de/documents/datenblatt/B400/5WAXIAL_9WAXIAL_11WAXIAL_17WAXIAL%23YAG.pdf")
    (tags "Resistor Axial_Power series Box pin pitch 22.4mm 4W length 20mm width 6.4mm height 6.4mm")
    (path /5DC99AAD)
    (fp_text reference R2 (at 11.2 -4.32) (layer F.SilkS)
      (effects (font (size 1 1) (thickness 0.15)))
    )
    (fp_text value 50 (at 11.2 4.32) (layer F.Fab)
      (effects (font (size 1 1) (thickness 0.15)))
    )
    (fp_line (start 1.2 -3.2) (end 1.2 3.2) (layer F.Fab) (width 0.1))
    (fp_line (start 1.2 3.2) (end 21.2 3.2) (layer F.Fab) (width 0.1))
    (fp_line (start 21.2 3.2) (end 21.2 -3.2) (layer F.Fab) (width 0.1))
    (fp_line (start 21.2 -3.2) (end 1.2 -3.2) (layer F.Fab) (width 0.1))
    (fp_line (start 0 0) (end 1.2 0) (layer F.Fab) (width 0.1))
    (fp_line (start 22.4 0) (end 21.2 0) (layer F.Fab) (width 0.1))
    (fp_line (start 1.08 -1.44) (end 1.08 -3.32) (layer F.SilkS) (width 0.12))
    (fp_line (start 1.08 -3.32) (end 21.32 -3.32) (layer F.SilkS) (width 0.12))
    (fp_line (start 21.32 -3.32) (end 21.32 -1.44) (layer F.SilkS) (width 0.12))
    (fp_line (start 1.08 1.44) (end 1.08 3.32) (layer F.SilkS) (width 0.12))
    (fp_line (start 1.08 3.32) (end 21.32 3.32) (layer F.SilkS) (width 0.12))
    (fp_line (start 21.32 3.32) (end 21.32 1.44) (layer F.SilkS) (width 0.12))
    (fp_line (start -1.45 -3.45) (end -1.45 3.45) (layer F.CrtYd) (width 0.05))
    (fp_line (start -1.45 3.45) (end 23.85 3.45) (layer F.CrtYd) (width 0.05))
    (fp_line (start 23.85 3.45) (end 23.85 -3.45) (layer F.CrtYd) (width 0.05))
    (fp_line (start 23.85 -3.45) (end -1.45 -3.45) (layer F.CrtYd) (width 0.05))
    (fp_text user %R (at 11.2 0) (layer F.Fab)
      (effects (font (size 1 1) (thickness 0.15)))
    )
    (pad 1 thru_hole circle (at 0 0 180) (size 2.4 2.4) (drill 1.2) (layers *.Cu *.Mask)
      (net 6 "Net-(J6-Pad1)"))
    (pad 2 thru_hole oval (at 22.4 0 180) (size 2.4 2.4) (drill 1.2) (layers *.Cu *.Mask)
      (net 4 +12V))
    (model ${KISYS3DMOD}/Resistor_THT.3dshapes/R_Axial_Power_L20.0mm_W6.4mm_P22.40mm.wrl
      (at (xyz 0 0 0))
      (scale (xyz 1 1 1))
      (rotate (xyz 0 0 0))
    )
  )

  (module Resistor_THT:R_Axial_Power_L20.0mm_W6.4mm_P22.40mm (layer F.Cu) (tedit 5AE5139B) (tstamp 5E0BBF89)
    (at 224.1 60.4 180)
    (descr "Resistor, Axial_Power series, Box, pin pitch=22.4mm, 4W, length*width*height=20*6.4*6.4mm^3, http://cdn-reichelt.de/documents/datenblatt/B400/5WAXIAL_9WAXIAL_11WAXIAL_17WAXIAL%23YAG.pdf")
    (tags "Resistor Axial_Power series Box pin pitch 22.4mm 4W length 20mm width 6.4mm height 6.4mm")
    (path /5E0B95AF)
    (fp_text reference R3 (at 11.2 -4.32) (layer F.SilkS)
      (effects (font (size 1 1) (thickness 0.15)))
    )
    (fp_text value 50 (at 11.2 4.32) (layer F.Fab)
      (effects (font (size 1 1) (thickness 0.15)))
    )
    (fp_text user %R (at 11.2 0) (layer F.Fab)
      (effects (font (size 1 1) (thickness 0.15)))
    )
    (fp_line (start 23.85 -3.45) (end -1.45 -3.45) (layer F.CrtYd) (width 0.05))
    (fp_line (start 23.85 3.45) (end 23.85 -3.45) (layer F.CrtYd) (width 0.05))
    (fp_line (start -1.45 3.45) (end 23.85 3.45) (layer F.CrtYd) (width 0.05))
    (fp_line (start -1.45 -3.45) (end -1.45 3.45) (layer F.CrtYd) (width 0.05))
    (fp_line (start 21.32 3.32) (end 21.32 1.44) (layer F.SilkS) (width 0.12))
    (fp_line (start 1.08 3.32) (end 21.32 3.32) (layer F.SilkS) (width 0.12))
    (fp_line (start 1.08 1.44) (end 1.08 3.32) (layer F.SilkS) (width 0.12))
    (fp_line (start 21.32 -3.32) (end 21.32 -1.44) (layer F.SilkS) (width 0.12))
    (fp_line (start 1.08 -3.32) (end 21.32 -3.32) (layer F.SilkS) (width 0.12))
    (fp_line (start 1.08 -1.44) (end 1.08 -3.32) (layer F.SilkS) (width 0.12))
    (fp_line (start 22.4 0) (end 21.2 0) (layer F.Fab) (width 0.1))
    (fp_line (start 0 0) (end 1.2 0) (layer F.Fab) (width 0.1))
    (fp_line (start 21.2 -3.2) (end 1.2 -3.2) (layer F.Fab) (width 0.1))
    (fp_line (start 21.2 3.2) (end 21.2 -3.2) (layer F.Fab) (width 0.1))
    (fp_line (start 1.2 3.2) (end 21.2 3.2) (layer F.Fab) (width 0.1))
    (fp_line (start 1.2 -3.2) (end 1.2 3.2) (layer F.Fab) (width 0.1))
    (pad 2 thru_hole oval (at 22.4 0 180) (size 2.4 2.4) (drill 1.2) (layers *.Cu *.Mask)
      (net 4 +12V))
    (pad 1 thru_hole circle (at 0 0 180) (size 2.4 2.4) (drill 1.2) (layers *.Cu *.Mask)
      (net 6 "Net-(J6-Pad1)"))
    (model ${KISYS3DMOD}/Resistor_THT.3dshapes/R_Axial_Power_L20.0mm_W6.4mm_P22.40mm.wrl
      (at (xyz 0 0 0))
      (scale (xyz 1 1 1))
      (rotate (xyz 0 0 0))
    )
  )

  (module TerminalBlock_MetzConnect:TerminalBlock_MetzConnect_360381_1x01_Horizontal_ScrewM3.0 (layer F.Cu) (tedit 5B294E90) (tstamp 5E0BCA6C)
    (at 175.7 63.9)
    (descr "single screw terminal block Metz Connect 360381, block size 5x5mm^2, drill diamater 1.5mm, 2 pads, pad diameter 3mm, see http://www.metz-connect.com/de/system/files/METZ_CONNECT_U_Contact_Katalog_Anschlusssysteme_fuer_Leiterplatten_DE_31_07_2017_OFF_024803.pdf?language=en page 133, script-generated using https://github.com/pointhi/kicad-footprint-generator/scripts/TerminalBlock_MetzConnect")
    (tags "THT single screw terminal block Metz Connect 360381 size 5x5mm^2 drill 1.5mm pad 3mm")
    (path /5E0E4412)
    (fp_text reference J1 (at 2 -3.56) (layer F.SilkS)
      (effects (font (size 1 1) (thickness 0.15)))
    )
    (fp_text value Screw_Terminal_01x01 (at 6 3.9) (layer F.Fab)
      (effects (font (size 1 1) (thickness 0.15)))
    )
    (fp_arc (start 2 0) (end 2 2.06) (angle -37) (layer F.SilkS) (width 0.12))
    (fp_arc (start 2 0) (end 3.24 -1.646) (angle -74) (layer F.SilkS) (width 0.12))
    (fp_arc (start 2 0) (end 0.759 1.645) (angle -38) (layer F.SilkS) (width 0.12))
    (fp_circle (center 2 0) (end 4 0) (layer F.Fab) (width 0.1))
    (fp_line (start 3.517 -1.273) (end 0.727 1.517) (layer F.Fab) (width 0.1))
    (fp_line (start 3.273 -1.517) (end 0.483 1.273) (layer F.Fab) (width 0.1))
    (fp_line (start 2.241 0.011) (end 1.708 0.543) (layer F.SilkS) (width 0.12))
    (fp_line (start 1.68 0.571) (end 1.68 0.571) (layer F.SilkS) (width 0.12))
    (fp_line (start 2.32 -0.572) (end 2.32 -0.572) (layer F.SilkS) (width 0.12))
    (fp_line (start 2.291 -0.543) (end 1.759 -0.011) (layer F.SilkS) (width 0.12))
    (fp_line (start -0.5 -2.5) (end 4.5 -2.5) (layer F.Fab) (width 0.1))
    (fp_line (start -0.5 2.5) (end 4.5 2.5) (layer F.Fab) (width 0.1))
    (fp_line (start -0.5 -2.5) (end -0.5 2.5) (layer F.Fab) (width 0.1))
    (fp_line (start 4.5 -2.5) (end 4.5 2.5) (layer F.Fab) (width 0.1))
    (fp_line (start -0.56 -2.56) (end 4.56 -2.56) (layer F.SilkS) (width 0.12))
    (fp_line (start -0.56 2.56) (end 4.56 2.56) (layer F.SilkS) (width 0.12))
    (fp_line (start -0.56 -2.56) (end -0.56 -1.755) (layer F.SilkS) (width 0.12))
    (fp_line (start -0.56 1.755) (end -0.56 2.56) (layer F.SilkS) (width 0.12))
    (fp_line (start 4.56 -2.56) (end 4.56 -1.755) (layer F.SilkS) (width 0.12))
    (fp_line (start 4.56 1.755) (end 4.56 2.56) (layer F.SilkS) (width 0.12))
    (fp_line (start -1 -3) (end -1 3) (layer F.CrtYd) (width 0.05))
    (fp_line (start -1 3) (end 5 3) (layer F.CrtYd) (width 0.05))
    (fp_line (start 5 3) (end 5 -3) (layer F.CrtYd) (width 0.05))
    (fp_line (start 5 -3) (end -1 -3) (layer F.CrtYd) (width 0.05))
    (fp_text user %R (at 2 -3.56) (layer F.Fab)
      (effects (font (size 1 1) (thickness 0.15)))
    )
    (pad 1 thru_hole circle (at 4 0) (size 3 3) (drill 1.5) (layers *.Cu *.Mask)
      (net 2 /pwm))
    (pad 1 thru_hole circle (at 0 0) (size 3 3) (drill 1.5) (layers *.Cu *.Mask)
      (net 2 /pwm))
    (model ${KISYS3DMOD}/TerminalBlock_MetzConnect.3dshapes/TerminalBlock_MetzConnect_360381_1x01_Horizontal_ScrewM3.0.wrl
      (at (xyz 0 0 0))
      (scale (xyz 1 1 1))
      (rotate (xyz 0 0 0))
    )
  )

  (module TerminalBlock_MetzConnect:TerminalBlock_MetzConnect_360381_1x01_Horizontal_ScrewM3.0 (layer F.Cu) (tedit 5B294E90) (tstamp 5E0BCA8B)
    (at 180.8 42.6)
    (descr "single screw terminal block Metz Connect 360381, block size 5x5mm^2, drill diamater 1.5mm, 2 pads, pad diameter 3mm, see http://www.metz-connect.com/de/system/files/METZ_CONNECT_U_Contact_Katalog_Anschlusssysteme_fuer_Leiterplatten_DE_31_07_2017_OFF_024803.pdf?language=en page 133, script-generated using https://github.com/pointhi/kicad-footprint-generator/scripts/TerminalBlock_MetzConnect")
    (tags "THT single screw terminal block Metz Connect 360381 size 5x5mm^2 drill 1.5mm pad 3mm")
    (path /5E0E4B1B)
    (fp_text reference J2 (at 2 -3.56) (layer F.SilkS)
      (effects (font (size 1 1) (thickness 0.15)))
    )
    (fp_text value Screw_Terminal_01x01 (at 2 3.56) (layer F.Fab)
      (effects (font (size 1 1) (thickness 0.15)))
    )
    (fp_text user %R (at 2 -3.56) (layer F.Fab)
      (effects (font (size 1 1) (thickness 0.15)))
    )
    (fp_line (start 5 -3) (end -1 -3) (layer F.CrtYd) (width 0.05))
    (fp_line (start 5 3) (end 5 -3) (layer F.CrtYd) (width 0.05))
    (fp_line (start -1 3) (end 5 3) (layer F.CrtYd) (width 0.05))
    (fp_line (start -1 -3) (end -1 3) (layer F.CrtYd) (width 0.05))
    (fp_line (start 4.56 1.755) (end 4.56 2.56) (layer F.SilkS) (width 0.12))
    (fp_line (start 4.56 -2.56) (end 4.56 -1.755) (layer F.SilkS) (width 0.12))
    (fp_line (start -0.56 1.755) (end -0.56 2.56) (layer F.SilkS) (width 0.12))
    (fp_line (start -0.56 -2.56) (end -0.56 -1.755) (layer F.SilkS) (width 0.12))
    (fp_line (start -0.56 2.56) (end 4.56 2.56) (layer F.SilkS) (width 0.12))
    (fp_line (start -0.56 -2.56) (end 4.56 -2.56) (layer F.SilkS) (width 0.12))
    (fp_line (start 4.5 -2.5) (end 4.5 2.5) (layer F.Fab) (width 0.1))
    (fp_line (start -0.5 -2.5) (end -0.5 2.5) (layer F.Fab) (width 0.1))
    (fp_line (start -0.5 2.5) (end 4.5 2.5) (layer F.Fab) (width 0.1))
    (fp_line (start -0.5 -2.5) (end 4.5 -2.5) (layer F.Fab) (width 0.1))
    (fp_line (start 2.291 -0.543) (end 1.759 -0.011) (layer F.SilkS) (width 0.12))
    (fp_line (start 2.32 -0.572) (end 2.32 -0.572) (layer F.SilkS) (width 0.12))
    (fp_line (start 1.68 0.571) (end 1.68 0.571) (layer F.SilkS) (width 0.12))
    (fp_line (start 2.241 0.011) (end 1.708 0.543) (layer F.SilkS) (width 0.12))
    (fp_line (start 3.273 -1.517) (end 0.483 1.273) (layer F.Fab) (width 0.1))
    (fp_line (start 3.517 -1.273) (end 0.727 1.517) (layer F.Fab) (width 0.1))
    (fp_circle (center 2 0) (end 4 0) (layer F.Fab) (width 0.1))
    (fp_arc (start 2 0) (end 0.759 1.645) (angle -38) (layer F.SilkS) (width 0.12))
    (fp_arc (start 2 0) (end 3.24 -1.646) (angle -74) (layer F.SilkS) (width 0.12))
    (fp_arc (start 2 0) (end 2 2.06) (angle -37) (layer F.SilkS) (width 0.12))
    (pad 1 thru_hole circle (at 0 0) (size 3 3) (drill 1.5) (layers *.Cu *.Mask)
      (net 1 GNDA))
    (pad 1 thru_hole circle (at 4 0) (size 3 3) (drill 1.5) (layers *.Cu *.Mask)
      (net 1 GNDA))
    (model ${KISYS3DMOD}/TerminalBlock_MetzConnect.3dshapes/TerminalBlock_MetzConnect_360381_1x01_Horizontal_ScrewM3.0.wrl
      (at (xyz 0 0 0))
      (scale (xyz 1 1 1))
      (rotate (xyz 0 0 0))
    )
  )

  (module TerminalBlock_MetzConnect:TerminalBlock_MetzConnect_360381_1x01_Horizontal_ScrewM3.0 (layer F.Cu) (tedit 5B294E90) (tstamp 5E0BCAAA)
    (at 197.1 75.6)
    (descr "single screw terminal block Metz Connect 360381, block size 5x5mm^2, drill diamater 1.5mm, 2 pads, pad diameter 3mm, see http://www.metz-connect.com/de/system/files/METZ_CONNECT_U_Contact_Katalog_Anschlusssysteme_fuer_Leiterplatten_DE_31_07_2017_OFF_024803.pdf?language=en page 133, script-generated using https://github.com/pointhi/kicad-footprint-generator/scripts/TerminalBlock_MetzConnect")
    (tags "THT single screw terminal block Metz Connect 360381 size 5x5mm^2 drill 1.5mm pad 3mm")
    (path /5E0E35C7)
    (fp_text reference J3 (at 2 -3.56) (layer F.SilkS)
      (effects (font (size 1 1) (thickness 0.15)))
    )
    (fp_text value Screw_Terminal_01x01 (at -7.5 -4.5) (layer F.Fab)
      (effects (font (size 1 1) (thickness 0.15)))
    )
    (fp_arc (start 2 0) (end 2 2.06) (angle -37) (layer F.SilkS) (width 0.12))
    (fp_arc (start 2 0) (end 3.24 -1.646) (angle -74) (layer F.SilkS) (width 0.12))
    (fp_arc (start 2 0) (end 0.759 1.645) (angle -38) (layer F.SilkS) (width 0.12))
    (fp_circle (center 2 0) (end 4 0) (layer F.Fab) (width 0.1))
    (fp_line (start 3.517 -1.273) (end 0.727 1.517) (layer F.Fab) (width 0.1))
    (fp_line (start 3.273 -1.517) (end 0.483 1.273) (layer F.Fab) (width 0.1))
    (fp_line (start 2.241 0.011) (end 1.708 0.543) (layer F.SilkS) (width 0.12))
    (fp_line (start 1.68 0.571) (end 1.68 0.571) (layer F.SilkS) (width 0.12))
    (fp_line (start 2.32 -0.572) (end 2.32 -0.572) (layer F.SilkS) (width 0.12))
    (fp_line (start 2.291 -0.543) (end 1.759 -0.011) (layer F.SilkS) (width 0.12))
    (fp_line (start -0.5 -2.5) (end 4.5 -2.5) (layer F.Fab) (width 0.1))
    (fp_line (start -0.5 2.5) (end 4.5 2.5) (layer F.Fab) (width 0.1))
    (fp_line (start -0.5 -2.5) (end -0.5 2.5) (layer F.Fab) (width 0.1))
    (fp_line (start 4.5 -2.5) (end 4.5 2.5) (layer F.Fab) (width 0.1))
    (fp_line (start -0.56 -2.56) (end 4.56 -2.56) (layer F.SilkS) (width 0.12))
    (fp_line (start -0.56 2.56) (end 4.56 2.56) (layer F.SilkS) (width 0.12))
    (fp_line (start -0.56 -2.56) (end -0.56 -1.755) (layer F.SilkS) (width 0.12))
    (fp_line (start -0.56 1.755) (end -0.56 2.56) (layer F.SilkS) (width 0.12))
    (fp_line (start 4.56 -2.56) (end 4.56 -1.755) (layer F.SilkS) (width 0.12))
    (fp_line (start 4.56 1.755) (end 4.56 2.56) (layer F.SilkS) (width 0.12))
    (fp_line (start -1 -3) (end -1 3) (layer F.CrtYd) (width 0.05))
    (fp_line (start -1 3) (end 5 3) (layer F.CrtYd) (width 0.05))
    (fp_line (start 5 3) (end 5 -3) (layer F.CrtYd) (width 0.05))
    (fp_line (start 5 -3) (end -1 -3) (layer F.CrtYd) (width 0.05))
    (fp_text user %R (at 2 -3.56) (layer F.Fab)
      (effects (font (size 1 1) (thickness 0.15)))
    )
    (pad 1 thru_hole circle (at 4 0) (size 3 3) (drill 1.5) (layers *.Cu *.Mask)
      (net 4 +12V))
    (pad 1 thru_hole circle (at 0 0) (size 3 3) (drill 1.5) (layers *.Cu *.Mask)
      (net 4 +12V))
    (model ${KISYS3DMOD}/TerminalBlock_MetzConnect.3dshapes/TerminalBlock_MetzConnect_360381_1x01_Horizontal_ScrewM3.0.wrl
      (at (xyz 0 0 0))
      (scale (xyz 1 1 1))
      (rotate (xyz 0 0 0))
    )
  )

  (module TerminalBlock_MetzConnect:TerminalBlock_MetzConnect_360381_1x01_Horizontal_ScrewM3.0 (layer F.Cu) (tedit 5B294E90) (tstamp 5E0BCAC9)
    (at 190.5 42.7)
    (descr "single screw terminal block Metz Connect 360381, block size 5x5mm^2, drill diamater 1.5mm, 2 pads, pad diameter 3mm, see http://www.metz-connect.com/de/system/files/METZ_CONNECT_U_Contact_Katalog_Anschlusssysteme_fuer_Leiterplatten_DE_31_07_2017_OFF_024803.pdf?language=en page 133, script-generated using https://github.com/pointhi/kicad-footprint-generator/scripts/TerminalBlock_MetzConnect")
    (tags "THT single screw terminal block Metz Connect 360381 size 5x5mm^2 drill 1.5mm pad 3mm")
    (path /5E0E3BCA)
    (fp_text reference J4 (at 2 -3.56) (layer F.SilkS)
      (effects (font (size 1 1) (thickness 0.15)))
    )
    (fp_text value Screw_Terminal_01x01 (at 2 3.56) (layer F.Fab)
      (effects (font (size 1 1) (thickness 0.15)))
    )
    (fp_text user %R (at 2 -3.56) (layer F.Fab)
      (effects (font (size 1 1) (thickness 0.15)))
    )
    (fp_line (start 5 -3) (end -1 -3) (layer F.CrtYd) (width 0.05))
    (fp_line (start 5 3) (end 5 -3) (layer F.CrtYd) (width 0.05))
    (fp_line (start -1 3) (end 5 3) (layer F.CrtYd) (width 0.05))
    (fp_line (start -1 -3) (end -1 3) (layer F.CrtYd) (width 0.05))
    (fp_line (start 4.56 1.755) (end 4.56 2.56) (layer F.SilkS) (width 0.12))
    (fp_line (start 4.56 -2.56) (end 4.56 -1.755) (layer F.SilkS) (width 0.12))
    (fp_line (start -0.56 1.755) (end -0.56 2.56) (layer F.SilkS) (width 0.12))
    (fp_line (start -0.56 -2.56) (end -0.56 -1.755) (layer F.SilkS) (width 0.12))
    (fp_line (start -0.56 2.56) (end 4.56 2.56) (layer F.SilkS) (width 0.12))
    (fp_line (start -0.56 -2.56) (end 4.56 -2.56) (layer F.SilkS) (width 0.12))
    (fp_line (start 4.5 -2.5) (end 4.5 2.5) (layer F.Fab) (width 0.1))
    (fp_line (start -0.5 -2.5) (end -0.5 2.5) (layer F.Fab) (width 0.1))
    (fp_line (start -0.5 2.5) (end 4.5 2.5) (layer F.Fab) (width 0.1))
    (fp_line (start -0.5 -2.5) (end 4.5 -2.5) (layer F.Fab) (width 0.1))
    (fp_line (start 2.291 -0.543) (end 1.759 -0.011) (layer F.SilkS) (width 0.12))
    (fp_line (start 2.32 -0.572) (end 2.32 -0.572) (layer F.SilkS) (width 0.12))
    (fp_line (start 1.68 0.571) (end 1.68 0.571) (layer F.SilkS) (width 0.12))
    (fp_line (start 2.241 0.011) (end 1.708 0.543) (layer F.SilkS) (width 0.12))
    (fp_line (start 3.273 -1.517) (end 0.483 1.273) (layer F.Fab) (width 0.1))
    (fp_line (start 3.517 -1.273) (end 0.727 1.517) (layer F.Fab) (width 0.1))
    (fp_circle (center 2 0) (end 4 0) (layer F.Fab) (width 0.1))
    (fp_arc (start 2 0) (end 0.759 1.645) (angle -38) (layer F.SilkS) (width 0.12))
    (fp_arc (start 2 0) (end 3.24 -1.646) (angle -74) (layer F.SilkS) (width 0.12))
    (fp_arc (start 2 0) (end 2 2.06) (angle -37) (layer F.SilkS) (width 0.12))
    (pad 1 thru_hole circle (at 0 0) (size 3 3) (drill 1.5) (layers *.Cu *.Mask)
      (net 1 GNDA))
    (pad 1 thru_hole circle (at 4 0) (size 3 3) (drill 1.5) (layers *.Cu *.Mask)
      (net 1 GNDA))
    (model ${KISYS3DMOD}/TerminalBlock_MetzConnect.3dshapes/TerminalBlock_MetzConnect_360381_1x01_Horizontal_ScrewM3.0.wrl
      (at (xyz 0 0 0))
      (scale (xyz 1 1 1))
      (rotate (xyz 0 0 0))
    )
  )

  (module TerminalBlock_MetzConnect:TerminalBlock_MetzConnect_360381_1x01_Horizontal_ScrewM3.0 (layer F.Cu) (tedit 5B294E90) (tstamp 5E0BCAE8)
    (at 202.3 50.5)
    (descr "single screw terminal block Metz Connect 360381, block size 5x5mm^2, drill diamater 1.5mm, 2 pads, pad diameter 3mm, see http://www.metz-connect.com/de/system/files/METZ_CONNECT_U_Contact_Katalog_Anschlusssysteme_fuer_Leiterplatten_DE_31_07_2017_OFF_024803.pdf?language=en page 133, script-generated using https://github.com/pointhi/kicad-footprint-generator/scripts/TerminalBlock_MetzConnect")
    (tags "THT single screw terminal block Metz Connect 360381 size 5x5mm^2 drill 1.5mm pad 3mm")
    (path /5E0E548D)
    (fp_text reference J5 (at 6.1 -2.3) (layer F.SilkS)
      (effects (font (size 1 1) (thickness 0.15)))
    )
    (fp_text value Screw_Terminal_01x01 (at 2 3.56) (layer F.Fab)
      (effects (font (size 1 1) (thickness 0.15)))
    )
    (fp_arc (start 2 0) (end 2 2.06) (angle -37) (layer F.SilkS) (width 0.12))
    (fp_arc (start 2 0) (end 3.24 -1.646) (angle -74) (layer F.SilkS) (width 0.12))
    (fp_arc (start 2 0) (end 0.759 1.645) (angle -38) (layer F.SilkS) (width 0.12))
    (fp_circle (center 2 0) (end 4 0) (layer F.Fab) (width 0.1))
    (fp_line (start 3.517 -1.273) (end 0.727 1.517) (layer F.Fab) (width 0.1))
    (fp_line (start 3.273 -1.517) (end 0.483 1.273) (layer F.Fab) (width 0.1))
    (fp_line (start 2.241 0.011) (end 1.708 0.543) (layer F.SilkS) (width 0.12))
    (fp_line (start 1.68 0.571) (end 1.68 0.571) (layer F.SilkS) (width 0.12))
    (fp_line (start 2.32 -0.572) (end 2.32 -0.572) (layer F.SilkS) (width 0.12))
    (fp_line (start 2.291 -0.543) (end 1.759 -0.011) (layer F.SilkS) (width 0.12))
    (fp_line (start -0.5 -2.5) (end 4.5 -2.5) (layer F.Fab) (width 0.1))
    (fp_line (start -0.5 2.5) (end 4.5 2.5) (layer F.Fab) (width 0.1))
    (fp_line (start -0.5 -2.5) (end -0.5 2.5) (layer F.Fab) (width 0.1))
    (fp_line (start 4.5 -2.5) (end 4.5 2.5) (layer F.Fab) (width 0.1))
    (fp_line (start -0.56 -2.56) (end 4.56 -2.56) (layer F.SilkS) (width 0.12))
    (fp_line (start -0.56 2.56) (end 4.56 2.56) (layer F.SilkS) (width 0.12))
    (fp_line (start -0.56 -2.56) (end -0.56 -1.755) (layer F.SilkS) (width 0.12))
    (fp_line (start -0.56 1.755) (end -0.56 2.56) (layer F.SilkS) (width 0.12))
    (fp_line (start 4.56 -2.56) (end 4.56 -1.755) (layer F.SilkS) (width 0.12))
    (fp_line (start 4.56 1.755) (end 4.56 2.56) (layer F.SilkS) (width 0.12))
    (fp_line (start -1 -3) (end -1 3) (layer F.CrtYd) (width 0.05))
    (fp_line (start -1 3) (end 5 3) (layer F.CrtYd) (width 0.05))
